2.279999999999999805e+00
3.680000000000000160e+00
2.359999999999999876e+00
3.620000000000000107e+00
3.020000000000000018e+00
5.160000000000000142e+00
2.640000000000000124e+00
9.300000000000000711e+00
6.160000000000000142e+00
3.859999999999999876e+00
2.959999999999999964e+00
2.200000000000000178e+00
2.660000000000000142e+00
2.319999999999999840e+00
3.799999999999999822e+00
2.740000000000000213e+00
1.520000000000000018e+00
2.040000000000000036e+00
1.760000000000000009e+00
3.379999999999999893e+00
4.679999999999999716e+00
2.140000000000000124e+00
2.839999999999999858e+00
3.819999999999999840e+00
5.299999999999999822e+00
2.259999999999999787e+00
2.399999999999999911e+00
1.006000000000000050e+01
6.900000000000000355e+00
6.700000000000000178e+00
4.080000000000000071e+00
3.439999999999999947e+00
2.399999999999999911e+00
2.799999999999999822e+00
2.439999999999999947e+00
5.639999999999999680e+00
2.660000000000000142e+00
1.899999999999999911e+00
4.219999999999999751e+00
5.240000000000000213e+00
2.640000000000000124e+00
4.200000000000000178e+00
3.979999999999999982e+00
2.040000000000000036e+00
1.300000000000000044e+00
1.840000000000000080e+00
4.879999999999999893e+00
1.439999999999999947e+00
1.639999999999999902e+00
2.399999999999999911e-01
1.500000000000000000e+00
5.040000000000000036e+00
2.959999999999999964e+00
3.759999999999999787e+00
2.720000000000000195e+00
2.660000000000000142e+00
2.779999999999999805e+00
4.599999999999999645e+00
3.700000000000000178e+00
2.399999999999999911e+00
1.520000000000000018e+00
5.700000000000000178e+00
6.940000000000000391e+00
4.559999999999999609e+00
4.419999999999999929e+00
7.580000000000000071e+00
3.680000000000000160e+00
2.000000000000000000e+00
3.799999999999999822e+00
4.000000000000000000e+00
4.799999999999999822e+00
3.600000000000000089e+00
4.240000000000000213e+00
3.839999999999999858e+00
2.160000000000000142e+00
3.399999999999999911e+00
2.680000000000000160e+00
2.439999999999999947e+00
2.640000000000000124e+00
2.520000000000000018e+00
4.120000000000000107e+00
3.080000000000000071e+00
1.043999999999999950e+01
3.959999999999999964e+00
6.360000000000000320e+00
4.719999999999999751e+00
4.559999999999999609e+00
7.280000000000000249e+00
8.320000000000000284e+00
8.679999999999999716e+00
1.019999999999999929e+01
3.759999999999999787e+00
9.480000000000000426e+00
7.440000000000000391e+00
3.759999999999999787e+00
5.519999999999999574e+00
3.359999999999999876e+00
